Webots Project File version R2025a
perspectives: 000000ff00000000fd000000020000000100000253000002abfc0200000001fb0000001400540065007800740045006400690074006f00720000000000000002ab0000004400ffffff0000000300000780000000fefc0100000001fb0000001a0043006f006e0073006f006c00650041006c006c0041006c006c0100000000000007800000006900ffffff000007800000029400000001000000020000000100000008fc00000000
simulationViewPerspectives: 000000ff0000000100000002000001140000045e0100000002010000000101
sceneTreePerspectives: 000000ff000000010000000300000026000000c0000000fa0100000002010000000201
maximizedDockId: -1
centralWidgetVisible: 1
orthographicViewHeight: 1
textFiles: -1
consoles: Console:All:All
renderingDevicePerspectives: TT02_standalone:RealSenseDepth;1;1;0.584044;0.388235
renderingDevicePerspectives: TT02_standalone:RealSenseRGB;1;1;0.534714;0.0184874
