Webots Project File version R2025a
perspectives: 000000ff00000000fd000000020000000100000253000002abfc0200000001fb0000001400540065007800740045006400690074006f00720000000000000002ab0000003f00ffffff00000003000005be00000039fc0100000001fb0000001a0043006f006e0073006f006c00650041006c006c0041006c006c0300000044000002f5000005bc00000039000005be0000034d00000001000000020000000100000008fc00000000
simulationViewPerspectives: 000000ff0000000100000002000001140000045e0100000002010000000101
sceneTreePerspectives: 000000ff00000001000000030000001d000000c0000000fa0100000002010000000201
maximizedDockId: -1
centralWidgetVisible: 1
orthographicViewHeight: 1
textFiles: -1
consoles: Console:All:All
renderingDevicePerspectives: TT02_ros2:RealSenseDepth;1;0.931596;0.669463;0.381625
renderingDevicePerspectives: TT02_ros2:RealSenseRGB;1;0.573626;0.59396;0.0194346
